-3.261606882682872577e-01 3.466863837606612986e-01
4.865013236209405623e-01 4.967905918175354874e-01
9.096870315104075289e-01 -7.673504110654940646e-01
-3.424503687847775257e-01 -7.355413521578426650e-01
5.475996414115167354e-01 8.723425316512489758e-02
2.068825009939967430e-02 -6.902106518907835664e-02
-5.257494126411543789e-01 -5.289094597137415921e-01
-8.143955416591572849e-01 3.754913336323437711e-01
5.726631761216216532e-01 -1.404964135009447723e-01
-3.157980354892340191e-01 -3.323049631370196266e-01
-4.949745711895792155e-02 7.651843077959283868e-01
3.157034917338896740e-02 9.164953693757813546e-01
-2.214371004084367822e-01 -4.131028937381995281e-01
8.025819457324221418e-01 -8.612618133748428662e-02
-4.795091104750679456e-01 -2.731811039958405019e-01
-4.477557599648942510e-01 -6.752843334529705643e-01
6.010670063084855297e-01 -1.324078833218567119e-02
8.522788693656540016e-01 -2.255284087731443954e-01
4.325823298649524862e-01 -8.446672694809189696e-01
-4.370955742269870825e-01 9.903153948349445734e-01
-1.597745619634121095e-01 2.248911978101100217e-01
-1.230168899177495057e-01 5.155455712451151307e-02
8.740253407335503155e-01 5.461414112639746410e-01
3.257754224028983625e-01 7.441149760322274265e-01
-3.928178629428977775e-01 -2.447314610661677214e-02
-8.765249643560655279e-01 2.820920183714770157e-01
-8.503286860558723070e-02 -1.341115143136293320e-01
-5.571462552983446059e-01 6.863258855196554542e-01
-9.211860724780427390e-01 -3.096891296602291010e-01
9.005661632391932514e-01 9.349641289589079030e-01
2.289174539237026629e-02 9.844401411754233333e-01
-7.802742093274535051e-01 7.945789636491373820e-02
-5.566192302678620862e-01 -8.279784118835842310e-01
1.839070436547185494e-01 3.802203162594992580e-01
-2.481964598148103107e-01 6.995998639933127539e-01
-2.444649216395073932e-01 -2.961847385067291061e-01
5.305468412729208438e-01 -4.960205038184422044e-01
-4.507877098451140707e-01 -1.541259345753842602e-01
-7.454209446277202389e-01 -7.078161600700432210e-01
7.743098712534512984e-01 4.136901150910738956e-01
5.362075428765271656e-01 9.404150549793734992e-01
2.873643789105113644e-01 1.311733178662046750e-01
-3.721553440303380089e-01 -7.987263716775934164e-01
-1.269385079429532492e-01 -1.018069716119633927e-01
4.523700699245376544e-01 -6.033220340994949193e-01
4.318416086620697758e-01 1.020441331026309406e-01
4.358156836386402055e-01 -1.914699053382760141e-01
4.690206368914402457e-01 9.007341516082754129e-01
-1.706157938768180227e-01 -5.054340052103014624e-01
-8.580232304483574879e-01 7.979874655673997452e-01
-9.184294969466262337e-01 -2.961609887729943491e-01
-6.276023284643588163e-01 1.751755599106021855e-01
-8.837264318471902413e-01 3.630425474820435650e-01
-1.836937066143264907e-01 6.118575971032911287e-01
7.151979272677984056e-01 4.394774346786063379e-01
-7.661380786365830087e-01 3.051822175676499604e-01
-9.375801852076937060e-01 2.298479682326093343e-01
-1.337612266220302715e-01 -6.721252216592721318e-02
-4.639775717463072713e-01 9.736217173077219567e-01
6.685181016276522392e-01 4.839669885811899164e-01
-7.542536835010964502e-01 6.829829917873375678e-01
-9.274850845071469507e-01 1.300120894825282925e-01
-7.837619507660815721e-01 -9.073648023095919335e-01
-3.789855752835318281e-01 -4.054428950621895567e-01
4.720839868194570688e-01 -4.207573184844879410e-01
5.473060343318203458e-02 -2.288607977782650682e-01
7.016500460601924338e-01 -5.211426681978259534e-01
-6.557547401130641163e-01 4.275353628335838430e-01
-8.624408619162005074e-02 4.626250904067383818e-01
-3.893024474734807505e-02 -9.782569615686131925e-03
-3.415201994860364021e-01 9.634863461525258188e-01
-4.180000247622528420e-02 3.974629482618725618e-01
-8.719183544040991496e-01 3.222906127515619001e-01
-2.914022592262055511e-01 4.558361753932935745e-01
-1.562726652960311213e-03 -9.473201143238796362e-01
3.190032513990985752e-01 -5.698919826325046234e-01
-2.825005996012579512e-01 1.515065898450991266e-01
7.764304523751739406e-01 -9.346912588690514667e-02
3.540017538821418341e-01 -7.747848261322456409e-01
3.566807623242675973e-01 3.693468152080794376e-01
3.749952237431619650e-02 4.283676358342218826e-01
-1.129703365067018517e-01 -1.694891437622401131e-01
4.183472567407831022e-02 8.911074007738666314e-01
-8.554675944476741734e-02 -7.693926971856728247e-01
1.033811274087215182e-02 7.618347263007376746e-01
-1.339778259236161784e-01 5.426351685012671400e-01
-8.958587089616036891e-01 -9.087169817333129451e-01
5.262862824028717856e-01 9.056315422802918569e-02
-1.626992431110008130e-01 -5.346431285833772584e-01
-3.854600696705137164e-01 -5.324740787644108853e-01
6.867101539639859364e-01 -6.595864987068784657e-01
7.998684948475336398e-01 3.625805472908378846e-01
1.354280766321840357e-01 -4.259536425458365638e-01
9.758554001310180137e-01 -5.531869037981616000e-01
-9.624475658223019536e-02 -6.250959835966087841e-01
2.446730233007807787e-01 2.351925198220694568e-03
-5.930109181879075209e-01 7.445732902536748021e-01
5.844333098752436673e-01 -4.852343819388877932e-01
-6.215164093729454997e-01 1.167146943697729977e-01
6.883517131857799232e-01 2.734973354938088352e-01
1.190312597681690843e-01 -7.719968327213004855e-01
5.465707728298248025e-01 -8.626527851522858281e-01
3.213397777554092283e-01 4.765187334384450857e-01
-4.832396081572032376e-01 3.583790047406714141e-01
7.400637573552362181e-01 -3.903394536519542157e-01
-3.600346955749089695e-02 -6.144477436245554536e-02
-7.169416922983007368e-01 -7.798098398476493998e-01
-9.585350896869135884e-01 -8.488199934750917386e-02
-1.149049589929473925e-02 7.164733762310455667e-01
4.386740942194831128e-01 -4.225642426359472736e-01
6.939704321860060698e-01 -8.093116276783620666e-01
-5.261977399161066327e-01 2.233709441096369819e-01
-7.602166164283505889e-01 3.546238163755475181e-01
6.076987819749477548e-01 -7.388692272405310568e-01
-4.877936215877161086e-01 3.552285267736789987e-01
1.386297737387969242e-01 7.886607653446093824e-01
4.671778350768762689e-01 -7.852810284002986752e-01
3.132290293665516145e-01 -4.921786272153203523e-01
-6.153296389426716750e-01 -4.537782041597386851e-01
-6.939153589886362106e-01 1.097348513175857576e-01
-7.984052548323845588e-01 -8.787913096293977766e-01
-4.295191212035831541e-02 -4.649524117002930002e-01
-6.627344062231264044e-01 -8.107559614463142328e-01
-1.915000186703719187e-02 -6.547377146653989843e-01
1.497073939755495520e-01 -9.479818739341800971e-01
-8.023990991798846117e-01 8.555198249792292930e-01
9.286806158246174725e-02 3.955971465858842961e-02
-2.286496259405230713e-01 -9.955003668648045867e-01
-1.827613980598625787e-01 2.553325426478592064e-02
5.409382045604553824e-01 4.468801863197091606e-02
-3.739081483460946487e-01 -3.758971265411534812e-01
9.753624126154274432e-01 3.610613050687860870e-02
-9.859845383761527415e-01 -6.475290417329091497e-01
-1.183886589428917446e-01 8.146751552920310502e-01
-6.630641822594938173e-01 -1.990130210484466478e-01
-3.565383672475461729e-01 -5.708899299005287808e-01
-3.019535658256744526e-02 -1.085448194006042311e-01
-5.713397050240298647e-01 3.664869227236020599e-01
-9.125065839899906273e-01 3.791569913878447551e-01
5.661904919866664887e-01 -6.778728245082530357e-01
1.217711615679237802e-01 5.356936411563906208e-01
1.828300395533177802e-01 -8.208845371016222359e-01
-1.054616364615394986e-01 -3.661632815844548805e-01
-6.217603411245273826e-01 -3.480056455276885341e-01
9.157168350096469567e-01 8.131240363326497356e-01
1.267636365488391537e-01 -6.601054303300331050e-01
4.414553561696847872e-01 -2.035143237011098893e-01
-5.899850383623927996e-01 -9.324667729002018568e-01
-8.771093775330021103e-01 -7.914674249327420252e-01
-9.570462695366475092e-01 -4.750503417302804898e-01
7.527253234697315332e-01 9.720205792572258474e-01
9.322722443966722228e-01 -3.845119706183541819e-01
-6.054362622777766934e-01 9.867221708613167497e-01
7.235024211229035274e-02 7.248115019725223096e-01
2.454877061071654154e-01 -6.671296151288834686e-01
-4.879817976308351568e-01 -8.206503163141338764e-01
-5.723766271154235863e-01 -1.713315608282923730e-01
5.830361979191638344e-01 -8.152534403719855494e-01
-8.901707414512156635e-01 -2.507220863855494919e-01
-3.871330039974465453e-01 6.271686104778955162e-01
-9.121445924526880855e-01 -9.697694753670327295e-01
-5.406226819326431787e-01 3.768916984967607409e-01
8.392253836081626783e-01 -2.826357220582706997e-01
-3.735089450764019769e-01 7.150181493918195130e-02
3.342584980973737352e-01 -9.880524158927224132e-01
-8.934347002070843757e-01 5.078976127924519357e-01
5.763614815907125433e-01 6.531369874178929447e-01
2.445987026121287933e-01 1.740539124348909894e-01
-7.586766926393160304e-01 -7.559156341819086578e-01
4.213651614487703423e-01 7.427718024683505060e-01
9.688776713223805626e-01 -7.639905769582646666e-01
-6.130027682868368633e-01 -6.057453423187595387e-01
-5.044397929031139149e-01 -5.277059654288145385e-01
7.922284864498312373e-01 -9.561329640524158791e-01
-2.904431565571237162e-01 -1.264236519904635703e-01
-4.746078911170872328e-01 2.202265603768891467e-01
-4.858014776598289508e-01 -3.448887004267811029e-01
6.651670460160197251e-02 7.665626196197881104e-01
-2.654331593873746620e-01 -5.804289402200886183e-01
8.450369564814557144e-01 -3.636478281287360836e-01
2.953244755686141865e-01 -1.802057467660800327e-01
7.539190473231343059e-01 5.090730947891506375e-01
-3.328860328599783092e-01 -9.450205940560272300e-01
-9.543120141138545787e-01 -2.968635154062537751e-02
-8.097771765462744575e-01 -1.465692473558115605e-01
3.689243891244458062e-01 -2.944182796925027823e-01
-7.479998763130875084e-01 7.004589238426495168e-01
8.964230384990299338e-01 -9.950713378436062406e-01
-9.914887344367901978e-01 -3.748687256040701410e-01
-7.283318209650087027e-01 -3.955312538716249104e-01
5.668457972355869234e-01 1.051343119505334656e-01
-7.088074323352822059e-01 2.998550530253771829e-01
-3.036869313109000768e-01 -3.196345763135099993e-02
9.085427665809442388e-01 2.754627629892711926e-01
5.989430793343248904e-01 -6.917897896622069442e-01
-9.340867030070068022e-01 5.361382257824454101e-03
-4.873339774230946997e-01 4.900963208053998876e-01
-2.377850343901175556e-01 -6.967907778167754529e-01
3.910333537309307328e-01 -3.593446706264471491e-01
-9.828690378870119648e-01 5.782558076583721451e-02
-1.180358402029575426e-01 2.050119870540492162e-01
6.540460050880880782e-01 1.564675068186311968e-01
8.774319054905876936e-01 8.388330276520350459e-02
-5.784760306239755678e-01 -9.045072032957361952e-01
-2.701232570919631648e-01 3.887685145590347169e-02
-4.884058564475139974e-01 -6.861770894502612350e-01
1.346175361781398738e-01 8.156523518274001461e-01
-4.976833471218848892e-01 -4.722894090660949562e-01
-1.086974039127075464e-01 -3.212189572727737197e-01
-7.938200360684735113e-01 5.821487183902074314e-01
7.146424806806668251e-01 -2.715261564322684062e-01
9.933972207946744071e-01 -6.670220468332646035e-01
-2.192349354707698872e-01 -4.991019449407936293e-01
-9.854775299390283738e-01 7.803168979559238494e-01
-6.808789382931275114e-01 8.809840075410821925e-01
-7.726811457553048879e-01 3.187383059496358140e-01
8.467726247350293445e-01 -3.081712389328881141e-01
2.944334629038061202e-01 -3.338476591257180104e-01
-4.058271038416974008e-01 3.811192279591342214e-01
1.955391211101815685e-01 -7.408220809889523029e-01
-7.855318855575239567e-01 -4.514360010049296434e-01
-3.592752538366199566e-01 -4.030231108810606866e-01
2.228481600577441046e-01 1.200323733259178738e-02
3.659567980105455920e-01 5.316158599190399237e-01
8.048932979165372981e-01 4.742139428156371128e-01
2.730835458008746830e-01 5.308990521274334906e-01
3.015855617112233045e-01 5.232180507087469401e-01
5.428285385302571431e-01 6.883909459681318843e-01
-4.637268385670074711e-01 -8.173600244956031879e-01
7.052027268888343414e-01 2.104712795054606289e-01
2.265161889813098739e-01 -2.341047866127559107e-01
7.021551606859739447e-01 1.029906873227162123e-01
5.216922052112502595e-01 -6.744057407255195091e-01
8.885178756027751756e-01 -3.114932208608820474e-01
-2.915047861821891129e-01 2.382202709792626827e-01
7.314464465259959969e-01 5.077627879565942415e-01
5.303501679321094286e-01 -6.954894160246172241e-01
-8.946622957175853763e-01 -4.193064588177681795e-01
-8.826307672073423483e-01 4.451396194612116108e-01
-7.141225835099318520e-01 9.380651852749315456e-01
5.651396808482531675e-01 2.592816507100403900e-01
2.628990738570491370e-01 9.796382842107513866e-01
1.971049323327824787e-01 -8.314657209342550814e-01
-5.592771159412519566e-01 6.332084139315199423e-01
3.120219848182270717e-02 -7.894947114334232019e-01
3.972404810685647991e-01 -8.053758536066846219e-01
2.045494671822003507e-01 -8.207649924814894860e-01
-8.327037985029233091e-01 6.692409376244001784e-02
-9.908030099083509068e-01 9.082631509042855544e-01
-8.947908528440851050e-01 -8.089847123651754401e-01
-3.745646911664937129e-01 1.207250395039261015e-01
-8.887087714678536532e-01 9.517833514762770175e-01
-7.759151746200867450e-01 -6.966468080642738148e-01
-8.299119017429859024e-01 -5.554762206830554661e-02
-9.453178225509930588e-01 -3.970708755926632971e-01
-2.325383494522315075e-01 7.321499362687622359e-01
-2.483174419339011507e-01 -2.405470110882086399e-01
1.902117335967226097e-01 8.618531319956810322e-01
7.633924546969670377e-01 2.696957048986825534e-02
-9.770376474493065455e-01 9.311767092536180623e-01
3.963230793805514462e-01 1.070006529735108014e-01
1.150548907025878975e-01 6.948649625777270078e-01
-4.125445993927989718e-01 -4.178996760679085654e-01
4.741015917389352907e-01 1.410880500098372625e-01
3.140554922086558065e-01 3.352977055804451378e-01
4.370208611078703065e-01 4.367484999222903674e-02
-7.343868855199930934e-02 -4.187810801203315503e-01
3.748318486445987308e-01 1.928966762601043161e-01
-1.444361192272003436e-01 -2.732774499553491943e-02
4.840285897509157831e-01 -8.637280668558038332e-01
6.954663456838245938e-01 3.029569056287291229e-01
7.021589863168533618e-01 -5.121965062889008991e-01
1.426585188685387529e-01 3.456553239594308824e-01
-1.600627052660241745e-01 2.466245971136964421e-01
8.459805234865014345e-01 8.745174564538820139e-01
-9.536796291420446270e-01 -6.968468493895829674e-02
2.777333438132201238e-01 -9.142260169474849540e-01
-7.177659425326985421e-01 -4.249577409690279417e-01
2.158046356460017190e-01 4.820028271415039978e-01
-7.145178238387095426e-01 7.204808950312997506e-01
4.964379143048922582e-01 3.112282328725080038e-01
4.052932014941033056e-01 3.660019710088380229e-02
-8.143242870501354869e-01 -8.492140289638598905e-01
9.054109688646638787e-02 4.107129587499014356e-01
-2.760284858233019722e-01 3.544303444946956816e-01
-4.494635249325649173e-01 8.178227172831347147e-01
-4.559485482583669480e-01 9.258559420763723402e-02
1.747501234954340621e-01 2.439914843738599792e-01
-1.383037412805323552e-01 8.254467420852131809e-01
-2.129350118210144860e-01 -4.570885072629560231e-01
-2.188375456745219605e-01 -9.741445370595487319e-01
-3.284990212602774129e-01 -5.980052956152470678e-02
-1.862557088175842424e-02 6.471761062399645770e-01
2.194610274215813561e-02 9.017353139796435713e-01
-5.136545972040185148e-01 -3.357783507962075475e-01
2.090688431669898151e-01 7.414277539266855843e-01
3.751708507629469835e-02 -5.669804359151398021e-01
-4.412946668790962423e-01 8.680145264606986544e-01
-4.218797520512325150e-01 -8.476452179678024557e-01
-6.738988297621366641e-01 2.027855828786526704e-01
-7.444147306416248888e-01 6.344491742649036592e-01
9.622373851873895489e-01 4.547589548522692482e-01
-7.695342058979675048e-01 7.428509478757738815e-01
-3.283042749382025782e-02 -8.125021513016368324e-01
-8.061956930226736873e-01 -8.242972646615218668e-01
-7.381460988746957330e-01 3.827515316498311115e-01
-4.012719723812052663e-02 -2.920457949856674063e-01
3.418586829528160731e-01 4.252020578816020357e-01
-3.594496492443202129e-01 6.627491286353326405e-01
-5.517216991581332941e-01 6.351488524822348491e-01
-6.925890924614463984e-02 -3.371125091219453473e-01
-2.427518706777620494e-02 -6.565918769076066752e-01
4.857282419254917993e-01 -9.977452348869884080e-01
3.720926636719261715e-01 9.564660319231419461e-01
8.802882707329002798e-01 -5.533347818378371308e-01
6.611118241263900241e-01 -9.791425630085126564e-01
-7.242627216138675106e-01 5.063843085551420486e-01
3.063191236113016469e-01 -1.711475934735586790e-01
4.663480414240559480e-01 7.367773471131633389e-01
2.923957107754657780e-01 5.835590087407527271e-02
1.885998179999726077e-02 -8.820842960477506267e-01
-1.664009153528522855e-01 3.456298947374965014e-01
-8.643890602490635899e-01 7.455210717984077640e-01
7.077710658128870680e-01 5.050006741072210481e-02
-6.881347098334475998e-01 7.695969422491848455e-01
-3.004023622964355766e-01 -9.021371006344516275e-01
9.079983757035696712e-01 9.315429921899440746e-01
7.556671336566680441e-01 5.945099837748013538e-01
7.567005406836917469e-01 -2.577582277129359944e-01
-7.648329445655950298e-01 7.943382386089157254e-01
-6.485823006503088628e-02 -4.880362531374056179e-01
-4.778059776027419048e-01 3.059117114107698931e-01
-7.618201170204292882e-01 5.029831717731654273e-01
-2.264495341547221319e-01 7.210785261286107861e-01
8.808377402737317396e-01 3.302136109497602057e-01
1.018241016182919179e-01 -3.404422998522838029e-02
-9.107592654529717002e-01 -3.869396144252925662e-01
4.973007885217188839e-01 -3.764899664203265051e-01
6.353403638061270176e-01 -2.342526427955711199e-01
8.461426623227976673e-01 6.296594450169366031e-01
-6.222794518514731532e-01 4.578191505654065629e-01
5.095978051771388184e-01 -4.318289748536929817e-01
1.610442044251390037e-01 2.207322815772854163e-01
-4.172780044012129874e-01 3.282701639991494336e-01
-3.199495301822521398e-01 -5.841568592656187775e-01
-1.181137058085579561e-02 5.977187968778425731e-01
-5.056117679387390762e-01 2.715820288122665627e-01
-8.412756176856834855e-01 5.319714354444522453e-01
9.656915191559558576e-01 -7.555143175421055179e-01
-6.199629573020912776e-01 -9.611300552984747281e-01
-9.103419636025651407e-01 -6.796794476312058020e-01
-4.404490106957812401e-01 6.036913880010739142e-01
-5.941524967389899547e-01 -8.405702035157127661e-01
-2.223453661387850833e-01 5.440182249298142203e-01
-6.888026631749271100e-01 -6.834759736299398369e-01
-5.651442354172251381e-01 7.149494778964500252e-01
-6.701623613656753076e-01 -9.546912118968853278e-02
-4.317654121053988714e-01 8.238557670351063233e-01
7.889125523169924215e-01 -6.989573979049170660e-01
-9.458775230455334082e-01 2.835757670955612042e-01
-4.764543756564920685e-01 -3.946252474612950145e-01
-9.412203770246985179e-02 7.010291713487863952e-01
-9.058147216751111230e-02 2.374563029894831701e-01
-2.715567656715269784e-01 7.251945168656848129e-01
3.400640811112825013e-01 -1.774390861802677133e-01
2.561146531726699038e-01 6.853118800398085853e-01
-1.073637204617963192e-01 -4.430942728200371050e-01
-5.946345046248278088e-01 8.361647313382314373e-01
8.895886507522783315e-01 6.399201624272199407e-01
2.082042772359820049e-01 -6.036556791240714759e-01
7.861518444433497343e-01 -9.240311541890888769e-02
-8.598254697757792275e-01 5.610725295173775162e-01
-2.161872230189227917e-01 7.739423951014063885e-01
-2.997611212316131368e-01 6.993440952632383745e-01
-2.011154429363237739e-01 2.981428125200058510e-01
2.547624269793513641e-02 -4.361808993071591978e-02
2.275495520014041428e-01 2.909244225822216201e-02
-7.534281568644169980e-01 -7.785598766293471140e-01
4.829285585804454772e-01 -9.734736590510675303e-01
8.688714940105790596e-01 -4.074793845579960383e-01
-4.432380859493687542e-01 -3.223381790143675651e-01
4.166297317807445832e-01 9.042958583732967348e-01
-7.427168650230644431e-01 -2.596271893458093061e-01
-7.608564591171735891e-01 -3.243072785482474796e-01
6.435363110457794633e-01 2.278091630900831444e-01
-1.136890828665699793e-01 -9.129552887637126801e-02
8.719229696497432514e-01 -5.865443043845408599e-01
3.025694956079625353e-01 9.835382040569973228e-01
5.846813966216799496e-01 -3.390627544695661300e-01
-9.882789947371448669e-01 4.816722991950583843e-01
6.613752985454490751e-01 4.215060316825198772e-01
5.096639670376348352e-01 -5.847507699344030030e-01
-2.295207340608815816e-01 -1.765454658426566237e-01
1.972853104087211040e-01 -3.493142404723892369e-02
6.109608727582922505e-01 -1.863266955329216934e-01
3.159389091426343388e-01 4.287843355548628388e-01
3.064801277706350469e-01 -5.824028331597246311e-01
9.789706181281165875e-01 -1.156641841166605733e-01
3.108874124027469765e-01 7.839375335878377982e-01
8.587727998903595950e-01 -2.424371457125036322e-01
8.369359705521199899e-01 3.310330937311301014e-02
-6.343677305482153805e-01 -5.047733232372557666e-01
4.695696634484547438e-01 -6.904213856709136010e-01
-7.128064437058097003e-01 8.145138947804453355e-01
-5.576884808443423047e-01 -9.298696840418845255e-01
-7.174164456109211052e-02 7.763462584904312624e-01
-6.184742760782269144e-02 -6.308535289147942926e-02
-3.706595888239090364e-01 -5.485282058038865038e-02
-5.199388236601090174e-01 6.114239829227745560e-01
3.885391867242593555e-01 2.994193061726884153e-01
9.882256146009582576e-01 -6.604912753222307309e-01
-7.012397684893281191e-01 2.283826727603226470e-01
-8.717629930934105431e-01 3.789235777835713304e-01
8.106387012548059712e-01 1.388406353870428322e-01
-3.504800234771829892e-01 -2.977995756537288319e-01
8.223295180219838407e-01 5.975882497312172692e-01
-5.375059709925833484e-01 -6.102088684331137269e-01
-7.440031329370002666e-01 -7.481017503744502584e-02
5.735501488527103842e-01 -5.452556216516821763e-01
1.466442003783721137e-01 -7.403312799949739453e-01
-4.241294808678004458e-01 3.800000499305840052e-01
-9.394157438926094006e-01 -4.555048661751566197e-01
-9.895005762791120318e-01 -9.288237198154347674e-01
9.907611832618201664e-01 8.483118391088937393e-01
2.202383169057193779e-01 4.117575945878728660e-01
2.690458807124176399e-01 -6.133929825799033786e-02
-2.315989015993387135e-01 7.947424055343126348e-01
2.203553666032447289e-01 6.784988688917399369e-01
7.704870444338731694e-01 4.096371476652076460e-01
-8.927545645185759327e-01 6.401601723267706934e-01
-4.612145569193506489e-01 -7.303848286763219289e-01
-8.505404766485105128e-01 2.077374074900169010e-01
8.530441427583079772e-03 4.483812417356560776e-01
-8.148109869603663569e-01 -9.466755229581977904e-01
8.621586698225793821e-01 1.373558900521496540e-01
-5.483898788694614446e-01 -7.956227441687806490e-01
7.554054208533926840e-01 5.390859144595212538e-01
-9.006475212476507952e-01 5.777547655876977828e-01
3.100424949003097730e-01 -1.740165038764371896e-01
7.730753810935839798e-01 5.508381695172273051e-01
-2.713229777025056855e-01 -4.071492799075715485e-01
-6.595685477857069490e-01 3.380166637167631993e-01
-9.476014512234864906e-01 1.744214065555524940e-01
4.461097929236204074e-01 -5.841087146691699150e-01
-2.820818668710398658e-01 -1.022740911574626654e-01
2.997460814809549401e-01 -3.158837071837832244e-01
-3.003444844110392253e-01 -6.612066255632444989e-01
-3.432708328089242311e-01 2.224878551131244109e-01
-9.702187338604264522e-01 1.457675812429846118e-01
-4.979649382746176300e-01 -1.587827166928355016e-01
6.983478281506814156e-01 -6.741134363993639411e-02
9.160557198091647813e-01 -6.147334574487861580e-01
-8.066887091895291739e-01 -3.291932947374673901e-01
2.405695470193569552e-01 -8.446680060267248713e-01
-5.491150826889670267e-01 -9.555672170476976479e-01
-4.920684732411120255e-01 2.793378061494635745e-01
-9.357802360308788980e-01 -6.900838835724916187e-01
8.926213917598995184e-01 -5.086511761265180009e-01
2.805003599904309919e-01 -9.945221798509553679e-01
7.715339016780764503e-02 -6.008457832007707555e-01
2.531112477171297837e-01 2.130918158611849744e-01
-2.028681172325619286e-02 -8.757349979344819513e-01
2.904557197138404323e-01 1.123383512648168381e-01
-1.689176808314092337e-01 1.835187881361615148e-01
-8.020575696242215891e-01 2.517279285950648759e-01
2.868851847100764019e-01 -7.655849113245116744e-01
-7.952247495248676579e-02 9.066910059394115429e-01
-9.249376113433653845e-01 -1.826297092825581725e-01
-9.920044821068885188e-01 6.869842012373028606e-01
7.996235630382597659e-01 6.014943812481132746e-01
5.699477861685404712e-01 -2.904084622980800390e-01
-8.550064929058509566e-01 -1.402111445697806769e-01
-9.920534777329494958e-01 6.472444519610367486e-01
5.707727820706158806e-01 4.659348444262803035e-01
2.440007673018187440e-01 -9.275623183125247806e-01
1.883004488262378651e-01 -2.005391497696431546e-01
3.574737926580207059e-01 7.243031483367725620e-01
-7.649556656127085574e-01 -1.785420402840660614e-01
1.460259667155976437e-01 4.550487325570811148e-01
-1.623134865372732882e-02 -9.035786684614728337e-01
7.097809957733174357e-01 4.414962256380434713e-01
-6.737201800622669712e-01 -6.477518650233733410e-01
6.662254255818971238e-01 3.012597450257796794e-01
-1.179245066281662258e-01 -3.350671114483971813e-01
-8.034531180135402462e-01 -1.471570551711631758e-02
-3.808565962463328347e-01 6.222443163138633437e-01
-5.606115213769347072e-01 3.166443083243062340e-01
5.646236588182242944e-01 1.370518428727363069e-01
-9.368564323430861318e-01 -8.989076381330574073e-01
1.484667830853585446e-01 2.287310120345651399e-01
-4.057430279421090358e-01 -8.484302576723841138e-01
2.904019823840462422e-01 8.991423519017118782e-01
-5.950031034841496425e-01 9.013638846893436973e-01
-9.036264506136177932e-01 -4.695738115432741555e-01
1.549857391807747398e-01 -5.659061496359072407e-01
-6.024379812867401984e-01 4.673262028224904885e-01
1.837067345214815628e-01 -2.577218336103230811e-01
1.754243302886209221e-01 -5.236611869082863358e-01
-7.181819240252507175e-01 -8.445563381573308881e-01
7.753419725619241643e-01 4.236535339319891236e-03
